2.363718795776367188e+01
2.351493263244628906e+01
2.308014488220214844e+01
2.290924644470214844e+01
2.325706291198730469e+01
2.321620750427246094e+01
2.354540634155273438e+01
2.323361206054687500e+01
2.329967308044433594e+01
2.331453132629394531e+01
2.326169395446777344e+01
2.292347717285156250e+01
2.331368446350097656e+01
2.330112266540527344e+01
2.381094551086425781e+01
2.355477523803710938e+01
2.350389480590820312e+01
2.299029541015625000e+01
2.310548591613769531e+01
2.316416549682617188e+01
2.355563926696777344e+01
2.366708755493164062e+01
2.344108390808105469e+01
2.371149253845214844e+01
2.361328125000000000e+01
2.323504829406738281e+01
2.325236701965332031e+01
2.342252349853515625e+01
2.313286399841308594e+01
2.271900177001953125e+01
2.308685874938964844e+01
2.320219612121582031e+01
