1.229999828338623047e+01
1.130000019073486328e+01
1.160031318664550781e+01
1.235963726043701172e+01
1.249999713897705078e+01
1.159999942779541016e+01
1.095387172698974609e+01
1.180000019073486328e+01
1.150000000000000000e+01
1.088648223876953125e+01
1.199999809265136719e+01
1.150000000000000000e+01
1.130000019073486328e+01
1.159999942779541016e+01
1.190000057220458984e+01
1.110000038146972656e+01
1.110000038146972656e+01
1.289999771118164062e+01
1.349794006347656250e+01
1.169999980926513672e+01
1.130000019073486328e+01
1.130000019073486328e+01
1.199999809265136719e+01
1.070205974578857422e+01
1.140102958679199219e+01
1.110000038146972656e+01
1.110000038146972656e+01
1.119999980926513672e+01
1.190000057220458984e+01
1.140000057220458984e+01
1.462287902832031250e+01
1.140000057220458984e+01
